30
0.179161932991037 0.2518433406481976 0.6923684015061614 0.11585253927359085 0.5629551937984285 0.6501768825062368 0.7739515796199464 0.6771563723870268 0.3507609478983046 0.667260391749733 0.2332179842721407 0.7147272337824452 0.4079099326123746 0.7109752121283947 0.4451486478426715 0.005887386761594504 0.06307207544360327 0.9627682338183592 0.6710694562363841 0.5051875236497035 0.136415926097887 0.1099790577469919 0.8976438656050182 0.9478890423979923 0.40737470601089343 0.6299332261397005 0.13331010695951395 0.5422152843494243 0.6516882550718882 0.19419213831896154 
1.1102230246251565E-16 -0.6397564461158106 -2.9785716539013767 0.0963148917288521 -2.8471258541683153 -2.3749706072438763 -3.4719804551557054 -2.647859132642713 -1.3790036267788617 -3.250333752605119 -0.8896540198273493 -3.385044256558279 -1.1860156178040895 -2.6807841669950934 -1.941544078136948 0.8096986438207722 0.07228738839013776 -4.331297047964907 -3.1732928211897353 -2.5257417607006825 0.11242633126337254 -0.283823482138701 -4.271005912072433 -4.126311529099876 -1.2080888148263775 -2.379211878414096 -0.06702509765293996 -2.711298257147383 -3.0462706385856215 -0.11749304106091396 
-6.021737739403314E-17 0.0 -0.7737846001313975 0.254616429417277 -0.25121740298145756 -1.5820317180255055 -1.138184415077603 -1.5511524340696063 -0.48301850958553316 -1.1418439630517119 0.3939333110258282 -1.033310740717621 -1.191118877333564 -1.3296095257456864 -0.7048749531922263 0.4753808429843363 -0.023753390772741675 -1.4601520310458698 -1.0692495412251142 0.08816473183094686 -0.5845289271449747 -0.09975271644803943 -1.2119021786720832 -1.9559952241558007 -0.9161503053197035 -1.0232652435487548 -0.028371923543026034 -0.3885327638308034 -1.238351896433942 -0.739975978739042 
2.299198995144566E-16 0.0 2.220446049250313E-16 -0.7019087132710576 -1.8638709419584112 1.750244410387782 -0.19749501189398488 1.6570751986517096 0.7077759714697373 0.1284210046151868 -1.1492072125969792 -0.1868599601239187 2.4312102989687308 1.2892523069734008 -0.03683226846087018 0.22570413718186888 0.8374166597669419 0.5336401679183269 0.46500145603070253 -2.0851966296985083 1.8130872792115587 0.3183700059395064 -0.4984256783103871 1.424688979321071 1.4848303480183513 0.3222683764916572 0.6408232007185194 -1.5359934286756403 0.5369108153155437 2.1843192911192446 
1.4925736891440866E-16 0.0 9.19536502934646E-17 0.0 -1.3150812772298233 1.1880549424487015 0.4524876224819079 1.0509505551002298 0.6385397213629251 0.14477022489291982 -0.5071152050479188 0.20472684663268348 2.0149528909503114 1.5133031772826788 -0.04370305445153181 -0.10237818460419415 1.1391381368018625 0.38548747664571803 0.12055987478771188 -1.2152897205943543 1.296446454221384 0.9382400645921017 0.08024174435229922 0.8931719195139961 1.0269430475595642 0.5198433940739076 0.8149818295395757 -1.2211938668197875 0.606333190161862 1.6326810182759792 
3.68926964717705E-17 0.0 1.3060903928302721E-17 -8.673617379884035E-19 0.0 0.6061560991176317 0.2253765289065638 1.3939865465468675 0.0651472868020937 1.2118570117113858 -0.22994444021337127 0.5899602539060104 0.7751717244012553 0.938272339996037 0.38654650373282873 -0.7329236566698845 0.7715072900714668 0.3082220876744746 0.2909376524931138 -0.7166165835500434 1.0364510245377343 0.3443830378826095 0.02806069302607429 1.4580008968803781 0.7197896950733474 0.7770914460037193 0.15224786549723016 0.0011837174158922381 0.9107073561794765 1.047261984337092 
-4.193419642568893E-18 0.0 5.943971521691236E-17 -8.839562971878847E-19 0.0 0.0 -0.28610294329047264 0.8899428408930423 -0.33353366507341703 0.7667648493606886 -0.26041878068276214 0.3398849554584976 0.412869482240554 0.1301607948202954 0.15194289390284563 -0.6415666209747335 1.1655140067259735 0.4082869456893555 0.2696442687296378 -0.3126835629952631 0.7228894773135234 -0.11406939785496595 -0.048280460693681054 1.0011133107032046 1.0484140414209309 -0.02465374789718333 -0.36122821967402474 -0.12957213144725432 0.7121165681487825 1.2782548128380264 
4.811416687876157E-17 0.0 -1.1339674784764092E-16 2.8493081478415415E-18 0.0 0.0 0.0 -2.614937379512611 1.7110604506093727 -3.1719989782122964 1.0692264118196517 -1.3300688055976244 -1.3349783955963934 -0.1770522530628087 -0.6784761700399135 3.008759474541339 -3.2896462577394496 -2.3105484910798246 -1.654782627236434 -0.07146532179695653 -1.61166170041201 0.9350100009561008 -0.8983297804730344 -4.278018112810497 -4.137643886932477 -0.09305719896641047 2.056356360904949 0.547485491780564 -2.586258076400325 -4.533096541750044 
-1.3570284472395577E-16 0.0 1.3909031431013135E-17 -5.2735424036203216E-20 0.0 0.0 0.0 0.0 -2.2289107710364964 0.42965065851547113 -1.6035758259581172 0.8248643637470626 0.5791720968544569 -1.9154771327365818 0.6292819406334242 -1.529891010121022 2.0424077801791793 2.8220093381022315 1.650865272940336 2.500762080565063 -1.0212957939133027 -1.7951170758643586 2.713479132915594 1.7379212561469264 3.588041922993659 -2.4066863953184323 -3.747999507113228 -0.8068469586223174 0.988740143645753 3.0324575638970233 
1.0102493127989655E-17 0.0 -7.210353896296161E-17 1.0570206057506029E-20 -1.1102230246251565E-16 0.0 0.0 0.0 0.0 -0.015911272701821466 -0.6151215284253846 -0.32816257724335174 -0.06071967645141707 -0.7313479797722822 0.8808954140228193 -0.2068499149577977 0.3401732037633241 -0.3371178105740882 0.2588950759330581 -0.3405976131910079 0.5128521372058569 -0.23400380127730358 -0.06516775483761128 0.3213825832311714 1.025682648539138 0.08446194574527444 -0.7099424026370538 -0.25365613763937184 -0.17313503030617466 0.7268480668530499 
-3.3810261943445066E-16 0.0 1.5501108526918404E-15 -2.7211734855970147E-17 2.291041288476427E-15 0.0 0.0 0.0 0.0 0.0 11.58011648697454 7.0858538495796495 1.8871716361755055 14.51154965643429 -17.368475978389522 3.7436664997232816 -5.175805489711459 8.081674335560443 -4.2521293015782895 8.038401327142953 -11.056029768999988 5.417175204866936 2.678931421462134 -6.849755226401503 -19.513280656755555 -4.009115948187398 13.101783090792752 4.2767207969527545 3.5247666286877366 -13.95804392482353 
7.408331756220682E-18 1.1102230246251565E-16 -9.254879892149552E-17 2.3640145461253586E-17 -1.9428099783348E-16 0.0 0.0 0.0 0.0 0.0 0.0 0.16016075564874122 -0.2172690039866234 -1.6999066545331338 1.372316276807858 0.9997169105480967 -0.025716471191444157 -1.2001585874313943 0.33430278723726703 -0.43557555155720884 0.8164021910446824 -0.13681674650111209 0.3303193256629666 0.24955478630480687 0.593937816078979 0.5478677309354989 -0.9169809997778149 0.12988327422336265 -0.31914004468997614 1.0498756754341123 
7.673553506085202E-17 5.830156516166647E-16 -6.374131887936283E-16 1.1139558128438357E-16 -1.0578562575643415E-15 0.0 0.0 0.0 0.0 0.0 0.0 0.0 -2.1158199227886123 -8.891246900410428 7.76325319281069 4.4664001772924244 -0.7774136312656721 -7.196931849225628 1.8635032701738352 -3.75732089962135 4.652165908130384 -0.5916863476700265 0.5452504695009865 0.8279282283983131 2.691353295727353 4.016869215121834 -3.678202604899923 0.9877351655455289 -2.0733292239108456 4.971766338740367 
1.912341971773585E-16 1.3431131010772233E-16 -2.4555920457087287E-16 6.454628011245158E-17 -3.666321627002868E-16 0.0 0.0 0.0 0.0 0.0 0.0 0.0 0.0 -2.914811956687895 2.250281427483612 2.143407378466398 1.5666703100935362 -1.618840648829465 0.05049816578561561 -0.996203365236774 1.9523897528134806 -0.9775255471422397 -0.05715921181664446 1.030017417470587 1.9235806371636066 1.8174673400329688 -0.8679394890719562 0.07975572405141654 0.48045793135820947 2.9941692367357025 
1.2672186915655887E-16 -7.770030679606562E-17 -4.3468304949432846E-16 2.905158729054247E-17 -6.183969326196747E-17 0.0 0.0 -2.220446049250313E-16 0.0 0.0 0.0 2.7755575615628914E-17 0.0 0.0 0.139767249889462 0.889791805871327 -0.12225792051073325 -0.7034333950634217 -1.182205545576363 -0.6003751346603783 0.8203765564933838 -0.9708859956771565 -1.5171482106947987 -0.05023555593407414 -0.22119389660661537 1.1865385267044377 0.8645765354407686 0.5925315650304601 0.4986073075277793 -0.13289911553573774 
1.21790608988637E-16 -6.693258258693707E-17 -6.187938237154431E-16 7.79435873980073E-17 -2.005724186152162E-16 2.7755575615628914E-17 0.0 -3.56302958043601E-16 0.0 0.0 0.0 4.4537869755450124E-17 0.0 0.0 0.0 2.2234757619597794 -2.4637620028109786 -2.358782569056784 -2.9303457919691214 0.3468703658222948 1.6834539178915728 -1.6335703890348896 -2.030895330691111 0.694076773779579 -1.444580577720527 2.6092827556734273 -0.2073196539227602 1.1134261124700986 0.2703750691761231 -1.7307061078711574 
-1.012047689565132E-15 6.74663159023579E-16 2.1203748933578914E-15 3.241077873522535E-17 -3.396631697524599E-16 1.7241093249837574E-16 0.0 4.625019093771055E-16 0.0 0.0 0.0 -5.574130997534586E-16 0.0 0.0 0.0 0.0 -8.622851766077417 -3.1023096694354937 0.7487586026752915 10.157015098601963 -1.4519118237069755 5.78468312484177 9.291861831091557 3.255465557508142 -4.356452822376092 -1.4441829232321233 -11.412438203857931 -2.239184036983624 -4.580604663525392 -7.512549831521139 
7.868322505702796E-16 -7.701296889249308E-16 -2.466501636761724E-15 8.761380066233011E-17 2.7317558963550375E-16 -1.7424590071179631E-16 0.0 -1.2903165549726422E-15 0.0 0.0 0.0 1.0286391449244885E-15 0.0 0.0 0.0 0.0 0.0 -1.240345292560936 -2.192386671298615 -10.51555823344546 3.3827457846769415 -6.08916515941057 -10.812115537685079 -3.3256110233468053 2.229878944046957 2.5011143184128533 8.935320574823828 4.399643783674219 0.7650113846615442 2.6238248202064196 
5.417707993808785E-16 -5.832789275734214E-16 -1.8394323002993486E-15 -1.791594610931343E-17 1.91117922996772E-16 -1.8113178338853986E-16 0.0 -1.1186077674909749E-15 0.0 0.0 3.552713678800501E-15 2.975435016155992E-16 0.0 0.0 0.0 0.0 0.0 -5.551115123125783E-17 -1.0060161807660941 -6.764361423945688 1.7018630544398006 -3.924494398549363 -6.310698977700495 -2.4545040056217156 1.686332213463607 -0.25735874524733304 5.393031283196143 3.043953052973648 0.20449781841212894 1.6913186447504833 
4.752526177847682E-16 -5.108767153343526E-16 -1.6883153776765526E-15 -7.530993917012433E-17 1.393103052524845E-16 -1.780638680858284E-16 0.0 -1.0647869904308808E-15 0.0 0.0 3.342165545420414E-15 -1.1660087298124642E-16 0.0 0.0 0.0 0.0 0.0 -5.222133664719397E-17 0.0 -6.9085509644643945 1.4018654529551862 -3.615898464887354 -5.7076120336287435 -2.7493304160359076 1.9908580359545687 -0.6946707346445663 5.20644020547946 2.852315559230965 -0.2606157359845639 1.8494444416463531 
-1.3424639251633698E-16 6.287609844527833E-17 3.2010041011719095E-16 2.0312072080972902E-17 7.573778772973389E-17 2.11770169743814E-17 0.0 3.3335817062785843E-16 0.0 0.0 -5.334694870105202E-16 3.9487849225032956E-16 0.0 5.551115123125783E-17 0.0 0.0 0.0 1.5274354638446606E-17 0.0 -4.440892098500626E-16 0.031151860067747172 1.379429272790103 0.3473531628228663 -0.30116802100322504 -0.6867724898118 -0.43994828641567646 0.2468296816039559 -0.34835603738756715 0.006082463431241136 -0.3018714051236261 
6.374229728168112E-16 -2.7311399040215304E-16 -1.5836049055065614E-15 -4.2650905470767546E-17 -3.2539730460193375E-16 -5.1006519589270036E-17 0.0 -1.8841065328746872E-15 0.0 0.0 -2.94523584819401E-16 -1.8719737711066E-15 0.0 -2.7152330590538875E-16 0.0 0.0 0.0 -2.933848222537045E-17 0.0 2.17218644724311E-15 0.0 -6.789367460426467 -2.6111182147692977 1.1831800261176397 2.827609902684432 2.994883804193116 0.032661685650702044 1.7124740534401721 0.31791740947252756 1.5082372183955992 
1.1716185962609223E-16 -2.5680630103575223E-16 -7.585713456773491E-16 -6.494025990917106E-17 1.2460022275527958E-16 -1.3669490590966091E-16 0.0 -4.006871620078659E-16 0.0 0.0 3.4235127314698295E-15 -7.061979295176485E-17 0.0 -2.8967242343723656E-17 0.0 0.0 0.0 -1.681355941846972E-16 0.0 2.3173793874978925E-16 0.0 0.0 -8.196157030848639E-6 -0.8273625576550601 0.28124510479402787 -2.002532538191029 -0.6583109368077951 0.6207060662474244 -0.9221519701646295 -0.3678218334105636 
2.711828734738899E-16 -2.9305003104606594E-16 -4.0733571092959844E-16 -3.1530251744912395E-16 -4.1197074589882884E-16 -2.999022525477987E-16 0.0 3.2934704169839017E-16 0.0 0.0 1.2254441420960837E-14 -1.4089481994596686E-15 0.0 -3.874727168029048E-17 0.0 0.0 0.0 -2.5183020739380725E-16 0.0 3.0997817344232383E-16 0.0 0.0 4.490190817138553 0.9830647821564993 2.6168595746667282 -3.395041582284545 -5.859689599616821 0.29060607747726763 -1.9416464405230407 -0.4628850654369927 
-9.22195059266316E-18 -2.0148946836768962E-17 -2.669404653385502E-16 1.981939865343726E-18 2.8929748525474746E-17 -2.2885139556171207E-18 0.0 -2.4162947362129753E-16 0.0 0.0 6.364537920731652E-16 -5.2814463693910263E-17 0.0 -1.1360719782157942E-17 0.0 0.0 0.0 -1.136468047391295E-17 0.0 9.088575825726353E-17 0.0 2.220446049250313E-16 -0.13088674687957125 0.0018209905133512172 -0.26134582721146915 0.4253772577230772 0.05152612131239348 0.4493194747027752 0.5631243747553889 -0.483131015830317 
4.8938069615931546E-17 -5.0643697174676026E-17 2.574226391363808E-16 -2.350228284602148E-16 -9.78271682999213E-17 -2.0265794810359766E-16 0.0 1.3530594003776704E-15 0.0 0.0 1.2446645985921052E-14 -3.8386009138365086E-16 0.0 1.44076939354959E-17 0.0 0.0 0.0 -1.9267788178807943E-16 0.0 -1.152615514839672E-16 0.0 -3.552713678800501E-15 4.689382765704101 1.5982052565013571 3.0968802080773656 -2.3316331845162264 -5.5525806740476025 0.4337344512588315 -1.117715235041683 0.41100883676729794 
1.2691361338370887E-16 -3.211664346808031E-16 -4.3984874306198536E-16 -5.440997972529758E-16 -4.2615982105802167E-16 -3.297976329993509E-16 0.0 1.3077000322671834E-15 0.0 0.0 1.8115927931908572E-14 -1.2987089890626632E-15 0.0 -6.094355313494183E-18 0.0 0.0 0.0 -2.838231683502582E-16 0.0 4.875484250795346E-17 0.0 0.0 3.920587851891568 1.25261299368543 4.807759019937887 -5.745027587862172 -7.917931091277529 1.0600610832216901 -2.088930958010106 -0.958338962061756 
1.2057464772020565E-16 -2.073139409566671E-16 4.152739371762221E-16 -4.197682775054391E-16 -5.036570515353984E-16 -3.539305687578174E-16 0.0 1.605047913419331E-15 -2.7755575615628914E-17 0.0 1.9423286032952452E-14 -1.0289633738605325E-15 0.0 -1.7992407202156772E-17 0.0 0.0 0.0 -3.057378951651517E-16 0.0 1.4393925761725418E-16 0.0 0.0 6.978787581028435 2.9647332698712994 4.634334682629515 -5.390951433953234 -9.697928572158007 0.047470909774476766 -2.6610938283494185 0.7166650986949534 
-3.348877280709172E-17 -4.783708102427464E-17 -6.231067646651216E-16 -2.7172862953872017E-17 -5.033013565034728E-17 -9.238765215184276E-17 0.0 -8.351362496829333E-16 0.0 0.0 -8.108708393178277E-19 -5.124042958762657E-16 0.0 -1.4036220245195884E-17 0.0 -1.1102230246251565E-16 0.0 -1.7418576737851452E-18 0.0 1.1228976196156707E-16 0.0 0.0 -1.6883042800862282 -1.3614221808855311 -1.1067435452058447 -0.452358061032029 1.0309186277617146 -0.20884619440614416 0.2526519085228463 -0.8954761363283863 
-5.89622977093525E-18 -1.1979645102747717E-17 -3.388879107940065E-16 1.262590873703254E-16 2.0767795799017108E-16 9.039933682021348E-17 0.0 -4.543089341644394E-16 0.0 0.0 -5.360764251835331E-15 3.5714919119063293E-16 0.0 -2.62544642195144E-17 0.0 0.0 0.0 8.048013340748774E-17 0.0 2.100357137561152E-16 0.0 0.0 -2.5034225148041793 -0.8246598452682712 -1.233033487255101 2.3967688159732656 3.3235102719048757 1.302115616847115 0.7183936663351876 -0.7530409091540347 
0.13333174819609406 0.2949988247508404 0.9222572001432175 0.9393057248535684 0.6519363527730127 0.5891437988208907 0.2734438218068599 0.1452991460794003 0.26397035906043786 0.2881601294268462 0.0837399283632766 0.9489592721438661 0.6824350985070606 0.8138776986386448 0.42745637974371586 0.6101631232289313 0.4426789526250544 0.46104535433037674 0.13561889868987054 0.9459369319891852 0.6540601232331924 0.2667242418412351 0.9168217509307949 0.09304595590753806 0.4896936083512984 0.873113274688939 0.9744812583608568 0.1762633789844803 0.3100643524612847 0.644090988126095 
